17
23
23
25
27
30
30
30
38
60
60
60
60
60
60
60
60
60
60
104
146
146
157
213
213
219
227
230
232
249
250
251
252
252
282
302
313
328
333
355
355
355
355
355
355
355
355
355
355
355
355
355
357
357
357
357
357
366
376
380
387
390
394
421
421
429
430
431
431
433
435
437
437
437
439
440
441
442
447
449
453
454
458
458
459
462
467
468
473
476
482
485
486
492
497
499
504
504
512
513
520
524
526
539
539
539
543
545
546
547
550
551
552
561
563
563
565
566
566
570
571
572
573
574
575
584
591
593
602
606
624
624
625
630
635
640
640
646
650
651
652
654
660
662
663
665
666
682
683
684
694
700
712
742
747
753
753
755
758
761
800
801
805
820
820
822
822
827
827
828
835
842
847
848
877
881
911
912
915
923
926
926
930
931
934
934
934
934
934
934
934
934
934
934
934
934
934
934
934
942
942
942
942
942
942
942
942
942
942
942
942
942
942
942
942
942
942
942
942
942
942
942
942
942
942
942
942
942
942
942
942
942
942
942
942
942
942
942
942
942
942
942
942
942
942
942
942
942
942
942
942
942
942
942
942
942
942
942
942
942
942
942
942
942
942
942
942
942
942
942
942
942
942
942
942
942
943
949
950
952
952
954
958
961
961
964
1005
1020
1028
1032
1049
1063
1066
1103
1119
1119
1119
1119
1119
1119
1119
1119
1119
1119
1119
1119
1119
1119
1119
1119
1119
1119
1119
1122
1122
1139
1148
1164
1173
1174
1174
1184
1207
1207
1245
1250
1253
1257
1260
1266
1266
1266
1276
1309
1316
1317
1317
1317
1317
1317
1318
1319
1319
1320
1320
1320
1360
1416
1417
1479
1541
1561
1589
1614
1615
1652
1689
1709
1733
1789
1829
1888
1904
1918
1945
1947
2032
2100
2221
2333
2367
2488
2512
2538
2538
2538
2596
2676
2676
2676
2753
2780
2791
2846
2884
2893
2967
3021
3021
3021
3126
3480
3495
3495
3495
3569
3861
3861
3861
3904
4007
4148
4173
4280
4524
4917
5067
5214
6933
7024
7213
7220
7697
8586
8724
9504
15059
18881
21123
21209
81013
166983
180828
182482
183055
184160
184161
184166
184176
184266
184272
184275
184277
184294
184393
184542
184777
186582
186995
187077
187211
187222
189170
189445
189515
189632
189659
189744
189838
189841
190167
190181
190244
190264
190270
190289
190352
190357
190413
190519
190579
190584
190588
190588
190590
190592
190596
190597
190598
190598
190599
190599
190599
190599
190599
190600
190600
190600
190601
190601
190601
190601
190601
190601
190601
190601
190602
190602
190602
190602
190602
190602
190603
190603
190604
190604
190604
190605
190605
190605
190605
190605
190605
190605
190606
190606
190608
190608
190608
190609
190609
190609
190610
190611
190612
190612
190612
190612
190612
190613
190613
190613
190613
190613
190613
190614
190614
190614
190615
190615
190615
190615
190615
190616
190617
190617
190617
190617
190617
190617
190617
190618
190618
190618
190619
190619
190619
190619
190619
190620
190620
190621
190622
190622
190622
190622
190623
190623
190623
190623
190623
190623
190623
190624
190624
190624
190624
190625
190625
190625
190626
190626
190626
190626
190627
190627
190628
190628
190628
190628
190629
190629
190629
190629
190629
190630
190630
190630
190630
190630
190631
190631
190631
190631
190631
190631
190631
190631
190631
190631
190631
190631
190632
190632
190632
190632
190632
190632
190632
190632
190632
190632
190632
190632
190632
190632
190632
190632
190632
190633
190633
190633
190633
190634
190634
190634
190634
190634
190635
190636
190636
190636
190636
190636
190637
190637
190637
190638
190639
190639
190639
190639
190640
190640
190640
190641
190641
190641
190641
190641
190642
190642
190642
190643
190824
190826
190941
191258
191310
191316
191327
191335
191537
191623
191787
191825
191826
191826
191826
191826
191826
191826
191827
191827
191827
191827
191827
191827
191827
191827
191827
191827
191827
191827
191827
191827
191827
191827
191827
191827
191827
191827
191827
191827
191827
191827
191827
191827
191827
191828
191828
191828
191828
191833
191836
191837
191847
191864
191873
191877
191877
191877
191877
191877
191877
191877
191877
191902
192045
192093
192418
192991
193209
193510
193512
193533
193615
193832
193835
193872
193893
193989
194016
194035
194036
194049
194049
194049
194049
194049
194049
194049
194049
194049
194049
194049
194049
194049
194049
194049
194049
194049
194049
194049
194049
194049
194049
194049
194049
194049
194049
194050
194063
194063
194107
194203
194233
194246
194254
194267
194271
194272
194273
194274
194274
194275
194275
194277
194277
194278
194288
194349
194384
194435
194435
194435
194435
194484
194506
194506
194688
194715
194761
194815
194890
194902
194974
194977
194977
194977
194977
194977
194977
194977
194977
194977
194977
194977
194978
194984
194984
194984
194984
194984
194984
194984
194984
194984
194984
194984
194984
194990
195064
195133
195299
195404
195417
195436
195444
195444
195444
195444
195445
195448
195459
195478
195485
195496
195509
195514
195518
195521
195524
195544
195544
195545
195546
195549
195550
195550
195551
195552
195554
195554
195556
195556
195556
195558
195558
195559
195559
195559
195559
195559
195559
195559
195559
195559
195559
195559
195561
195562
195563
195566
195566
195568
195572
195573
195574
195575
195575
195578
195579
195581
195581
195581
195581
195581
195581
195581
195581
195581
195581
195581
195581
195582
195582
195582
195582
195582
195582
195583
195583
195583
195583
195583
195583
195583
195583
195583
195583
195583
195583
195583
195583
195583
195583
195583
195583
195583
195583
195584
195584
195584
195584
195584
195584
195584
195584
195584
195584
195584
195584
195585
195585
195585
195585
195586
195586
195586
195586
195586
195586
195586
195586
195586
195587
195587
195588
195588
195588
195588
195588
195588
195588
195588
195588
195588
195588
195588
195588
195588
195588
195588
195588
195588
195588
195588
195588
195588
195588
195588
195588
195588
195588
195589
195589
195589
195589
195589
195589
195589
195589
195589
195589
195589
195589
195590
195590
195590
195590
195590
195590
195590
195590
195590
195590
195591
195591
195591
195591
195591
195591
195591
195591
195591
195591
195591
195591
195591
195591
195591
195591
195591
195591
195591
195591
195591
195591
195591
195591
195591
195591
195591
195591
195591
195591
195591
195591
195591
195591
195591
195591
195591
195591
195591
195591
195591
195591
195591
195591
195591
195591
195591
195591
195591
195591
195591
195591
195591
195591
195591
195591
195591
195591
195591
195591
195591
195591
195591
195591
195591
195591
195591
195591
195591
195591
195591
195591
195591
195591
195591
195591
195591
195591
195591
195591
195591
195591
195591
195591
195591
195591
195591
195591
195591
195591
195591
195591
195591
195591
195591
195591
195591
195591
195591
195591
195591
195591
195591
195591
195591
195591
195591
195591
195591
195591
195591
195591
195591
195591
195591
195591
195591
195591
195591
195591
195591
195591
195591
195591
195591
195591
195591
195591
195591
195591
195591
195591
195591
195591
195591
195591
195591
195591
195591
195591
195591
195591
195591
195591
195591
195591
195591
195591
195591
195591
195591
195591
195591
195591
195591
195591
195591
195591
195591
195591
195591
195591
195591
195591
195591
195591
195591
195591
195591
195591
195591
195591
195591
195591
195591
195591
195591
195591
195591
195591
195591
195591
195591
195591
195591
195591
195591
195591
195591
195591
195591
195591
195592
195592
195592
195592
195592
195592
195592
195592
195592
195592
195592
195592
195592
195592
195592
195592
195592
195592
195592
195592
195592
195592
195592
195592
195592
195592
195592
195592
195592
195592
195592
195592
195592
195592
195592
195592
195592
195593
195593
195593
195593
195593
195593
195593
195593
195593
195593
195593
195593
195593
195593
195593
195593
195593
195593
195593
195593
195593
195593
195593
195593
195593
195593
195593
195593
195593
195594
195594
195594
195594
195594
195594
195594
195594
195594
195594
195594
195594
195594
195594
195594
195594
195594
195594
195594
195594
195594
195594
195594
195594
195594
195594
195595
195595
195595
195595
195595
195595
195595
195595
195595
195595
195595
195595
195595
195595
195595
195595
195595
195595
195595
195595
195595
195595
195595
195595
195595
195595
195596
195596
195596
195596
195596
195596
195596
195596
195596
195597
195597
195597
195597
195598
195598
195598
195598
195598
195598
195598
195598
195599
195599
195599
195599
195599
195599
195599
195600
195600
195600
195600
195600
195600
195600
195601
195601
195601
195601
195601
195601
195601
195601
195601
195601
195601
195601
195601
195601
195601
195601
195601
195601
195601
195601
195602
195602
195602
195602
195602
195603
195603
195603
195603
195603
195603
195603
195603
195604
195604
195604
195604
195605
195605
195605
195605
195605
195605
195605
195605
195605
195606
195606
195606
195606
195606
195607
195607
195607
195608
195608
195608
195609
195609
195609
195609
195609
195609
195609
195609
195609
195609
195609
195609
195610
195610
195610
195611
195611
195611
195611
195611
195611
195612
195612
195612
195613
195613
195613
195613
195613
195614
195614
195615
195615
195616
195616
195617
195617
195617
195617
195617
195617
195618
195618
195618
195618
195619
195622
195623
195624
195624
195624
195625
195625
195625
195626
195626
195626
195627
195627
195628
195629
195629
195630
195630
195630
195630
195630
195630
195631
195631
195631
195631
195631
195631
195631
195632
195632
195632
195632
195632
195632
195632
195632
195632
195632
195632
195632
195632
195632
195633
195634
195634
195635
195635
195635
195635
195636
195636
195636
195637
195637
195637
195637
195637
195637
195637
195637
195637
195638
195638
195638
195638
195638
195638
195639
195639
195639
195639
195639
195639
195640
195640
195640
195640
195640
195640
195640
195640
195640
195640
195640
195640
195640
195640
195640
195640
195640
195641
195641
195641
195641
195641
195641
195641
195642
195642
195642
195642
195642
195642
195642
195642
195642
195642
195642
195642
195642
195642
195643
195643
195643
195643
195643
195643
195643
195644
195644
195644
195644
195645
195645
195645
195645
195645
195645
195645
195645
195645
195645
195645
195645
195645
195645
195646
195646
195646
195646
195646
195646
195646
195646
195646
195646
195646
195647
195647
195647
195647
195647
195647
195647
195647
195647
195647
195648
195648
195648
195648
195648
195648
195648
195648
195648
195648
195648
195648
195648
195648
195648
195648
195648
195648
195648
195648
195648
195648
195648
195648
195648
195648
195648
195648
195648
195648
195648
195648
195648
195648
195648
195648
195648
195648
195648
195648
195648
195648
195648
195648
195648
195648
195648
195648
195648
195648
195648
195648
195648
195648
195648
195648
195648
195648
195648
195648
195648
195648
195648
195648
195648
195648
195648
195648
195648
195648
195648
195648
195648
195648
195648
195648
195648
195648
195648
195648
195648
195648
195648
195648
195648
195648
195648
195648
195648
195648
195648
195648
195648
195648
195648
195648
195648
195648
195648
195648
195648
195648
195648
195648
195648
195648
195648
195648
195649
195649
195649
195649
195649
195649
195649
195649
195649
195649
195649
195649
195649
195649
195650
195650
195650
195650
195650
195650
195650
195650
195650
195650
195650
195650
195650
195651
195651
195651
195651
195651
195651
195651
195651
195651
195651
195651
195651
195651
195651
195651
195651
195651
195651
195651
195651
195651
195651
195652
195652
195652
195652
195652
195652
195652
195653
195653
195653
195653
195653
195653
195653
195653
195653
195653
195653
195653
195653
195653
195653
195654
195654
195654
195654
195654
195654
195654
195654
195654
195654
195654
195654
195655
195655
195655
195655
195655
195655
195655
195655
195655
195655
195655
195655
195655
195655
195655
195655
195655
195655
195655
195655
195655
195656
195656
195656
195656
195656
195656
195656
195656
195656
195656
195656
195656
195656
195656
195656
195656
195656
195656
195656
195656
195656
195656
195656
195656
195656
195656
195656
195656
195656
195656
195656
195656
195656
195656
195656
195656
195656
195656
195656
195656
195656
195656
195656
195656
195656
195656
195656
195656
195656
195656
195656
195656
195656
195656
195656
195656
195656
195656
195656
195656
195656
195656
195656
195656
195656
195656
195656
195656
195656
195656
195656
195656
195656
195656
195656
195656
195656
195656
195656
195656
195656
195656
195656
195656
195656
195656
195656
195656
195656
195656
195656
195656
195656
195656
195656
195656
195656
195656
195656
195656
195656
195656
195656
195656
195656
195656
195656
195656
195656
195656
195656
195656
195656
195656
195656
195656
195656
195656
195656
195656
195656
195656
195656
195656
195656
195656
195656
195656
195656
195656
195656
195656
195656
195656
195656
195656
195656
195656
195656
195656
195656
195656
195656
195656
195656
195656
195656
195656
195656
195656
195656
195656
195656
195656
195656
195656
195656
195656
195656
195656
195656
195656
195656
195656
195656
195656
195656
195656
195656
195656
195656
195656
195656
195656
195656
195656
195656
195656
195656
195656
195656
195656
195656
195656
195656
195656
195656
195656
195656
195656
195656
195656
195656
195656
195656
195656
195656
195656
195656
195656
195656
195656
195656
195656
195656
195656
195656
195656
195656
195656
195656
195656
195657
195657
195657
195657
195657
195657
195657
195657
195657
195657
195657
195657
195657
195657
195657
195657
195657
195657
195657
195657
195657
195657
195657
195657
195657
195657
195657
195657
195657
195657
195657
195657
195657
195657
195657
195657
195658
195658
195658
195658
195658
195658
195658
195658
195658
195658
195658
195658
195658
195658
195658
195658
195658
195658
195658
195658
195658
195658
195658
195658
195658
195658
195658
195658
195659
195659
195659
195659
195659
195659
195659
195659
195659
195659
195659
195659
195659
195659
195659
195659
195659
195659
195659
195659
195659
195659
195659
195659
195659
195659
195659
195659
195659
195659
195659
195659
195659
195659
195659
195659
195660
195660
195660
195660
195660
195660
195660
195660
195660
195660
195660
195660
195660
195660
195660
195660
195660
195660
195660
195660
195660
195660
195660
195660
195660
195660
195660
195660
195660
195660
195660
195660
195660
195660
195660
195660
195660
195660
195660
195660
195660
195660
195660
195660
195660
195660
195660
195660
195660
195660
195660
195660
195660
195660
195660
195660
195660
195660
195660
195660
195660
195660
195661
195661
195661
195661
195661
195661
195661
195661
195661
195661
195661
195661
195661
195661
195661
195661
195661
195661
195661
195661
195661
195661
195661
195661
195661
195661
195661
195661
195662
195662
195662
195662
195662
195662
195662
195662
195662
195662
195662
195662
195662
195662
195662
195662
195662
195662
195662
195662
195662
195662
195662
195662
195662
195662
195662
195662
195662
195663
195663
195663
195663
195663
195663
195663
195663
195663
195663
195663
195663
195663
195663
195663
195663
195663
195663
195663
195663
195663
195663
195664
195664
195664
195664
195664
195664
195664
195664
195664
195664
195664
195665
195665
195665
195665
195665
195665
195665
195665
195665
195665
195665
195665
195665
195665
195665
195665
195665
195665
195665
195665
195665
195665
195665
195665
195665
195665
195665
195665
195665
195665
195665
195665
195665
195665
195665
195665
195665
195665
195665
195665
195665
195665
195665
195665
195665
195665
195666
195666
195666
195666
195667
195667
195668
195669
195669
195669
195669
195669
195669
195669
195669
195669
195669
195669
195669
195669
195669
195669
195669
195669
195669
195669
195669
195669
195669
195669
195669
195669
195669
195669
195669
195669
195669
195669
195669
195670
195671
195671
195671
195675
195675
195678
195688
195689
195690
195691
195693
195700
195700
195705
195708
195709
195710
195712
195716
195719
195719
195719
195721
195721
195727
195732
195737
195737
195737
195738
195745
195747
195747
195749
195749
195753
195759
195759
195785
195797
195803
195811
195830
195830
195830
195831
195831
195833
195836
195844
195848
195852
195855
195855
195861
195866
195867
195879
195883
195885
195886
195888
195889
195891
195893
195895
195895
195898
195901
195903
195906
195908
195911
195912
195914
195915
195915
195917
195918
195918
195921
195925
195926
195928
195930
195930
195932
195934
195934
195938
195938
195940
195941
195941
195943
195946
195946
195949
195952
195953
195954
195954
195957
195958
195960
195961
195961
195961
195961
195962
195964
195965
195966
195966
195969
195970
195970
195971
195971
195972
195973
195974
195976
195976
195977
195978
195979
195983
195983
195983
195983
195985
195985
195986
195991
195992
195992
195997
195998
195998
195999
196000
196000
196001
196002
196002
196002
196002
196002
196003
196003
196004
196004
196005
196006
196006
196007
196009
196010
196011
196011
196011
196013
196014
196015
196015
196016
196017
196018
196019
196019
196019
196019
196019
196019
196019
196019
196019
196019
196019
196019
196019
196019
196019
196019
196020
196021
196022
196024
196024
196025
196025
196027
196028
196029
196030
196031
196032
196033
196038
196038
196039
196039
196041
196046
196054
196054
196057
196061
196063
196067
196078
196078
196079
196081
196091
196098
196099
196099
196102
196106
196124
196125
196127
196131
196132
196136
196152
196161
196162
196167
196173
196173
196174
196174
196175
196175
196177
196180
196181
196181
196183
196183
196186
196186
196194
196194
196194
196195
196195
196195
196203
196204
196211
196211
196213
196213
196213
196213
196215
196215
196215
196215
196215
196215
196216
196216
196216
196216
196225
196231
196232
196233
196233
196234
196235
196239
196240
196241
196247
196255
196258
196259
196261
196262
196262
196263
196264
196264
196265
196267
196267
196267
196267
196268
196271
196273
196273
196273
196273
196273
196275
196281
196283
196284
196287
196289
196289
196289
196289
196290
196291
196291
196291
196291
196291
196292
196294
196297
196300
196301
196303
196306
196306
196306
196306
196308
196309
196310
196312
196315
196315
196317
196317
196317
196320
196321
196321
196322
196323
196324
196324
196325
196326
196326
196328
196329
196329
196330
196331
196331
196332
196333
196333
196333
196333
196335
196335
196336
196337
196337
196337
196338
196338
196338
196339
196341
196341
196343
196343
196343
196343
196343
196343
196345
196345
196345
196345
196346
196346
196346
196347
196347
196347
196347
196347
196347
196347
196347
196348
196348
196349
196349
196349
196351
196352
196353
196353
196354
196354
196355
196355
196355
196355
196355
196356
196357
196357
196357
196357
196357
196358
196358
196359
196360
196360
196360
196361
196361
196363
196363
196364
196365
196365
196365
196366
196366
196366
196367
196368
196368
196368
196369
196369
196370
196370
196371
196371
196371
196371
196371
196371
196371
196371
196372
196372
196372
196372
196373
196373
196373
196373
196373
196374
196376
196377
196377
196378
196379
196379
196379
196379
196379
196379
196379
196379
196380
196382
196382
196382
196383
196383
196384
196384
196384
196385
196385
196386
196386
196387
196387
196387
196387
196387
196388
196388
196388
196388
196390
196390
196391
196391
196391
196392
196392
196392
196392
196393
196393
196394
196394
196394
196395
196395
196395
196395
196396
196396
196397
196397
196397
196397
196398
196399
196400
196400
196400
196402
196402
196402
196402
196403
196403
196403
196403
196403
196404
196406
196407
196408
196409
196409
196409
196409
196409
196411
196411
196411
196411
196411
196412
196412
196412
196413
196413
196413
196415
196415
196415
196415
196415
196415
196417
196417
196418
196418
196418
196419
196419
196419
196420
196420
196420
196422
196422
196422
196422
196423
196423
196423
196423
196425
196425
196425
196425
196427
196427
196427
196428
196428
196428
196429
196429
196429
196429
196429
196429
196429
196429
196430
196430
196430
196431
196431
196431
196431
196431
196431
196431
196432
196432
196432
196432
196432
196432
196432
196432
196432
196433
196433
196433
196433
196433
196433
196434
196434
196434
196434
196434
196434
196436
196436
196436
196436
196436
196436
196436
196436
196437
196437
196437
196438
196438
196438
196439
196439
196439
196439
196439
196440
196440
196440
196440
196440
196440
196441
196441
196441
196441
196441
196441
196441
196441
196441
196441
196441
196441
196441
196441
196441
196441
196441
196441
196441
196441
196441
196442
196442
196442
196442
196442
196442
196442
196442
196442
196442
196442
196442
196442
196443
196443
196443
196443
196443
196443
196443
196443
196443
196443
196444
196444
196444
196444
196444
196444
196444
196445
196445
196445
196445
196446
196446
196446
196447
196447
196447
196448
196448
196448
196448
196449
196449
196449
196451
196452
196452
196452
196452
196452
196452
196453
196453
196453
196453
196453
196453
196453
196453
196454
196454
196455
196455
196455
196455
196457
196457
196458
196458
196459
196459
196459
196459
196459
196459
196461
196461
196461
196461
196461
196461
196461
196461
196461
196461
196461
196461
196462
196462
196462
196462
196463
196463
196463
196464
196465
196465
196465
196465
196465
196465
196466
196469
196470
196470
196471
196477
196477
196477
196478
196479
196480
196480
196481
196481
196481
196481
196482
196483
196484
196484
196489
196489
196490
196490
196490
196490
196491
196491
196492
196492
196493
196493
196493
196493
196493
196493
196493
196494
196494
196494
196494
196494
196494
196494
196495
196495
196495
196496
196496
196497
196497
196497
196497
196497
196498
196498
196498
196499
196499
196501
196501
196501
196501
196501
196502
196502
196502
196502
196502
196502
196503
196503
196503
196503
196503
196503
196504
196505
196505
196505
196505
196505
196506
196506
196506
196506
196506
196506
196506
196506
196506
196507
196507
196507
196507
196507
196508
196508
196508
196508
196508
196508
196509
196509
196509
196509
196509
196509
196510
196510
196510
196510
196511
196511
196511
196511
196511
196511
196511
196511
196511
196512
196512
196512
196512
196512
196512
196512
196512
196512
196512
196513
196513
196513
196513
196513
196514
196514
196514
196515
196515
196515
196515
196515
196515
196516
196517
196517
196517
196517
196517
196518
196518
196519
196519
196519
196519
196519
196519
196519
196519
196519
196519
196520
196521
196521
196521
196521
196521
196521
196521
196521
196522
196523
196523
196523
196525
196526
196526
196527
196536
196545
196554
196570
196594
196600
196629
196630
196656
196658
196678
196679
196679
196679
196721
196723
196757
196773
196828
196858
196858
196858
196858
196878
196885
196902
196915
196922
196940
196942
196942
196947
196963
196965
196976
196978
196983
196998
197001
197009
197019
197022
197025
197028
197028
197030
197031
197032
197033
197039
197040
197040
197041
197041
197041
197041
197041
197041
197041
197041
197041
197041
197041
197041
197041
197041
197041
197041
197041
197041
197043
197044
197050
197051
197056
197057
197058
197061
197064
197065
197065
197065
197065
197065
197065
197065
197065
197065
197065
197065
197065
197065
197065
197065
197065
197065
197065
197065
197065
197065
197065
197065
197065
197065
197065
197065
197065
197065
197065
197065
197065
197065
197065
197065
197065
197065
197065
197065
197065
197065
197068
197077
197079
197081
197081
197083
197083
197083
197083
197083
197083
197083
197083
197083
197083
197083
197083
197083
197083
197083
197083
197083
197083
197083
197083
197083
197083
197083
197083
197083
197083
197083
197083
197083
197083
197083
197083
197083
197083
197083
197083
197083
197083
197083
197083
197083
197083
197083
197083
197087
197088
197101
197102
197116
197121
197127
197127
197128
197131
197134
197134
197136
197136
197137
197139
197139
197139
197139
197139
197139
197139
197139
197139
197139
197139
197139
197139
197139
197139
197139
197139
197139
197139
197139
197139
197139
197139
197139
197139
197139
197139
197139
197139
197139
197139
197139
197139
197139
197139
197139
197140
197140
197140
197140
197140
197140
197140
197140
197140
197140
197140
197140
197140
197140
197140
197140
197140
197140
197140
197140
197140
197140
197140
197140
197140
197140
197140
197140
197140
197140
197140
197140
197140
197140
197140
197140
197140
197140
197140
197140
197140
197140
197140
197140
197140
197140
197140
197140
197140
197140
197140
197141
197141
197141
197141
197141
197141
197141
197141
197141
197141
197141
197142
197142
197143
197143
197144
197149
197151
197152
197154
197155
197156
197158
197158
197163
197164
197165
197165
197165
197165
197165
197165
197165
197165
197165
197165
197165
197165
197166
197167
197167
197167
197168
197168
197169
197169
197172
197173
197174
197174
197175
197175
197176
197176
197176
197176
197176
197176
197176
197176
197176
197176
197176
197176
197176
197176
197177
197177
197177
197177
197177
197177
197177
197177
197177
197177
197178
197178
197178
197178
197178
197178
197178
197179
197179
197179
197180
197180
197180
197180
197181
197181
197181
197182
197182
197182
197182
197182
197182
197183
197184
197185
197185
197185
197187
197187
197187
197187
197187
197187
197188
197188
197188
197189
197189
197189
197189
197189
197190
197190
197190
197190
197190
197190
197190
197190
197190
197190
197190
197190
197190
197190
197190
197190
197191
197191
197191
197191
197191
197191
197191
197191
197191
197191
197192
197192
197192
197192
197192
197192
197192
197192
197192
197192
197192
197192
197192
197192
197192
197192
197192
197192
197192
197192
197192
197192
197192
197192
197192
197192
197192
197193
197193
197193
197193
197193
197193
197193
197193
197193
197194
197194
197194
197194
197194
197194
197194
197194
197194
197194
197194
197194
197194
197194
197194
197194
197194
197194
197194
197194
197194
197194
197194
197194
197194
197194
197194
197194
197194
197194
197194
197194
197194
197194
197194
197194
197194
197195
197195
197195
197195
197196
197196
197196
197196
197196
197196
197196
197196
197196
197196
197196
197196
197196
197196
197196
197196
197198
197198
197198
197198
197198
197198
197198
197198
197198
197198
197198
197198
197198
197198
197199
197199
197200
197200
197200
197201
197201
197202
197202
197202
197202
197203
197203
197203
197203
197203
197204
197204
197204
197204
197204
197204
197204
197204
197204
197204
197204
197205
197205
197205
197205
197205
197205
197205
197205
197205
197205
197205
197205
197205
197205
197205
197205
197205
197205
197205
197205
197205
197205
197205
197205
197205
197205
197205
197205
197205
197205
197205
197205
197205
197205
197205
197205
197205
197205
197205
197205
197205
197205
197205
197205
197205
197205
197205
197205
197205
197205
197205
197205
197205
197207
197207
197207
197207
197207
197207
197207
197207
197207
197207
197207
197207
197207
197207
197207
197207
197208
197208
197208
197209
197209
197209
197209
197209
197209
197209
197209
197209
197210
197210
197214
197214
197214
197215
197216
197216
197217
197218
197219
197219
197219
197221
197221
197221
197221
197221
197221
197221
197221
197225
197225
197228
197229
197229
197230
197231
197231
197234
197234
197238
197242
197248
197254
197264
197284
197285
197351
197361
197377
197378
197378
197378
197378
197378
197378
197378
197378
197378
197378
197378
197379
197393
197405
197418
197420
197469
197480
197498
197544
197545
197546
197551
197553
197554
197555
197566
197566
197568
197592
197595
197600
197614
197625
197635
197637
197640
197650
197653
197975
198015
198165
198381
198534
198544
198546
198547
198547
198547
198547
198547
198547
198547
198547
198547
198547
198547
198547
198547
198547
198547
198547
198547
198547
198547
198547
198547
198547
198547
198547
198547
198547
198547
198547
198547
198548
198548
198548
198549
198577
199631
200035
200446
208336
217472
228869
